19
23
27
31
35
39
43
46
49
53
55
59
61
63
67
71
75
77
79
83
86
89
91
94
95
99
102
105
107
109
111
114
117
119
121
123
125
127
127
131
133
136
139
141
143
146
149
151
153
155
157
159
161
163
166
167
170
171
173
175
177
179
180
182
183
185
186
187
189
189
191
191
193
195
196
197
199
199
200
201
202
203
203
204
204
205
205
205
205
206
206
206
206
206
206
207
204
203
201
200
199
198
196
196
195
194
194
193
193
192
192
192
192
190
189
188
187
186
186
185
184
184
183
182
182
181
181
180
180
180
179
179
179
178
178
178
178
178
177
177
177
177
177
177
177
177
176
176
176
176
176
176
176
176
176
176
176
176
176
176
176
176
176
176
176
176
176
176
176
176
176
176
176
176
176
176
176
176
176
176
176
176
176
176
176
176
176
176
176
176
176
176
176
176
176
176
176
176
176
176
176
176
176
176
0
